10 10
0 2500 3300  1 7400 8200  2 900 900  3 3200 4000  4 4900 4900  5 1100 1100  6 5900 6500  7 5600 5600  8 3900 4900  9 2000 2200 
0 3900 4700  2 8900 9100  4 6700 8300  9 1100 1100  3 6300 7500  1 2500 3100  6 4600 4600  5 4300 4900  7 7100 7300  8 2700 3300  
1 8600 9600  0 7700 9300  3 3400 4400  2 6400 8400  8 8900 9100  5 1000 1000  7 1100 1300  6 8700 9100  9 4100 4900  4 3100 3500  
1 7900 8300  2 9400 9600  0 6200 8000  4 9200 10600  6 900 900  8 4600 5800  7 7400 9600  3 9000 10600  9 2100 2300  5 4100 4500  
2 1300 1500  0 600 600  1 2200 2200  5 5300 6900  3 2500 2700  4 6400 7400  8 2000 2200  7 4600 5200  9 7200 7200  6 4600 6000  
2 7500 9300  1 200 200  5 5200 5200  3 8900 10100  8 4300 5300  9 7000 7400  0 4400 5000  6 6200 6800  4 600 600  7 2300 2700  
1 4300 4900  0 3400 4000  3 6000 6200  2 1300 1300  6 2800 3600  5 2000 2200  9 2900 3500  8 8300 9500  7 2900 3100  4 5400 5600  
2 2900 3300  0 8600 8600  1 4600 4600  5 6500 8300  4 2900 3500  6 7900 9700  8 1700 2100  9 4500 5100  7 3500 3700  3 6900 8900  
0 7200 8000  1 6300 7500  3 6700 8500  5 5100 5100  2 7700 9300  9 1000 1200  6 3600 4400  7 8300 9500  4 2600 2600  8 7300 7500  
1 8100 8900  0 1300 1300  2 5800 6400  6 700 700  8 5900 6900  9 7000 8200  5 4600 4800  3 5000 5400  4 8200 9800  7 4100 4900  
