20 10
10 2 6 3 6 19 2 3 19 4 20 2 1 18 4 20 1 10 8 1 10 19 1 1 6 2 5 12 4 7 1 6 12 2 6 19 3 10 1 5 4 
14 1 2 12 1 5 7 1 1 6 2 4 16 6 5 1 10 16 1 9 11 2 3 16 3 16 2 9 11 7 7 1 10 17 2 6 18 7 7 2 8 7 2 6 1 9 11 1 3 12 2 10 11 5 6 
14 1 7 8 1 3 6 1 2 14 1 7 11 1 10 9 1 7 18 1 8 11 1 1 19 1 3 9 1 7 6 1 6 6 2 3 14 4 13 2 3 17 5 9 1 4 9 
14 1 10 1 1 4 20 1 2 10 2 9 3 1 14 2 7 19 4 5 2 7 17 5 17 2 10 5 3 11 1 9 5 1 6 15 2 3 20 4 18 1 4 20 1 8 10 1 2 8 1 1 19 
13 2 5 5 4 19 1 1 3 1 7 2 1 3 9 1 10 3 1 1 4 1 2 7 2 10 19 7 3 2 10 3 9 12 1 3 2 1 5 4 1 1 5 1 3 5 
14 2 3 14 4 3 1 6 9 1 7 19 2 4 17 9 4 1 4 3 1 6 7 2 9 1 1 8 1 6 4 1 9 3 1 5 17 1 10 17 2 8 15 4 4 1 2 7 1 7 1 
10 2 8 5 3 19 2 4 12 7 3 1 7 17 2 1 13 9 18 1 5 19 1 8 2 1 1 1 1 8 1 1 2 20 1 6 18 
11 1 6 9 1 2 15 1 4 18 2 2 7 6 2 1 9 20 2 1 3 3 19 1 9 6 1 6 9 1 9 14 1 5 15 2 6 1 9 8 
11 1 5 17 2 3 2 3 8 2 3 2 5 11 1 5 8 1 2 16 1 10 1 2 4 7 8 6 1 8 14 2 4 1 9 7 1 8 2 1 10 14 
11 1 8 6 1 5 2 1 6 3 1 9 12 1 5 8 1 10 19 1 10 3 1 8 1 1 7 2 1 6 15 1 3 10 
10 1 5 14 1 3 16 1 3 20 1 7 19 1 8 9 2 7 11 3 11 1 5 12 1 1 11 1 1 4 1 2 4 
12 1 6 1 1 7 19 1 5 1 1 3 18 1 5 15 1 7 5 1 3 16 1 4 19 2 6 14 8 5 1 10 4 1 4 19 1 10 5 
10 2 8 5 8 13 1 9 7 2 5 16 8 4 1 1 14 2 8 8 7 12 1 6 7 1 1 18 2 10 14 5 16 1 9 6 1 6 17 
14 1 6 13 1 1 20 2 10 3 10 13 1 8 9 2 5 16 6 17 2 6 10 4 9 1 3 14 2 10 3 7 16 2 9 1 4 3 1 3 5 1 6 17 1 5 4 1 1 10 1 2 3 
13 2 5 18 10 5 1 1 7 1 4 6 1 8 4 2 5 8 3 12 2 8 9 3 16 2 5 18 10 6 2 1 9 5 3 2 5 14 6 6 1 1 3 1 1 19 1 5 6 2 5 10 9 15 
11 2 9 9 6 3 1 7 1 2 1 15 1 2 2 8 8 2 5 1 10 2 1 8 18 2 7 16 3 1 2 1 12 3 6 1 3 3 1 5 9 1 9 10 
13 1 2 16 1 2 9 1 2 9 1 8 18 2 8 4 3 1 2 10 14 9 5 1 8 9 2 1 16 4 2 1 9 18 1 9 3 1 9 9 2 6 4 2 11 2 5 20 10 4 
14 1 10 17 1 7 5 1 7 20 1 3 3 1 10 13 1 2 12 1 5 10 2 5 6 7 16 1 2 2 1 5 1 1 10 20 1 8 18 1 7 4 1 5 9 
12 2 6 6 6 20 2 10 4 1 2 1 6 18 2 3 10 6 10 2 8 9 6 16 1 1 13 2 9 4 8 19 2 3 16 4 20 1 3 3 1 9 5 2 8 13 7 20 1 3 5 
11 1 4 10 2 4 2 7 2 1 5 13 2 7 20 3 12 2 7 6 1 15 2 5 5 4 4 2 10 2 8 5 2 1 14 7 13 2 4 7 9 19 2 8 3 4 6 1 9 12 
