122	4
12	12	11	12
0	0	0	0	0	3	2	3	4
8	0	10	0	0	3	40	48	61
5	7	0	0	0	3	19	34	46
3	2	0	0	0	3	5	10	11
10	0	0	8	0	3	6	13	32
9	0	10	0	0	3	7	8	20
10	0	0	3	0	3	29	33	70
10	1	0	0	0	3	9	12	16
5	0	0	0	9	3	14	18	39
2	0	0	6	0	2	22	63
10	4	0	0	0	3	48	58	117
2	0	0	6	0	3	24	28	30
4	6	0	0	0	2	51	61
6	6	0	0	0	3	15	61	110
7	6	0	0	0	2	49	107
1	0	0	2	0	3	17	41	89
10	0	0	0	5	3	40	64	80
9	0	3	0	0	3	21	23	65
10	0	0	0	10	3	45	58	89
5	7	0	0	0	3	29	37	43
1	0	4	0	0	3	26	35	50
1	0	0	0	8	2	72	95
9	1	0	0	0	3	57	63	73
10	0	6	0	0	3	25	27	43
4	10	0	0	0	3	67	75	91
10	0	0	8	0	2	36	71
6	0	0	4	0	1	35
1	3	0	0	0	3	35	66	105
8	0	0	0	6	1	108
5	0	0	6	0	3	31	33	80
3	0	0	0	2	3	44	52	97
6	10	0	0	0	3	47	67	82
2	0	0	0	8	3	68	78	103
7	0	0	0	3	3	87	94	99
9	0	0	3	0	3	47	56	90
5	5	0	0	0	1	112
10	0	0	5	0	3	38	51	102
3	7	0	0	0	1	119
2	0	0	6	0	3	41	62	81
9	0	9	0	0	2	42	75
6	0	1	0	0	2	57	66
3	0	0	0	10	3	49	83	92
3	0	3	0	0	1	81
7	8	0	0	0	3	49	74	92
1	0	0	0	5	1	77
1	0	1	0	0	3	56	69	83
7	10	0	0	0	1	104
5	0	3	0	0	3	53	56	59
8	0	1	0	0	2	53	108
7	0	0	7	0	3	53	54	60
1	0	0	0	2	3	52	55	71
2	5	0	0	0	3	59	63	75
1	0	0	0	3	1	102
4	0	0	0	7	3	55	76	78
7	0	0	4	0	3	58	68	83
10	0	0	2	0	1	62
9	0	0	1	0	2	69	90
1	0	0	0	7	2	72	104
8	0	0	1	0	3	62	70	113
1	0	6	0	0	3	66	70	86
4	0	0	0	7	3	73	84	93
2	0	0	0	1	3	72	87	88
8	1	0	0	0	2	68	78
6	8	0	0	0	3	74	95	98
7	0	9	0	0	3	77	88	105
2	0	9	0	0	2	79	106
5	6	0	0	0	3	77	93	94
6	0	0	0	6	3	84	85	99
4	0	3	0	0	2	93	108
3	0	10	0	0	1	115
9	0	0	0	1	3	79	86	114
4	0	0	0	8	1	110
1	0	5	0	0	3	74	79	100
3	1	0	0	0	2	82	85
9	0	9	0	0	3	87	88	101
4	0	0	9	0	2	80	90
2	7	0	0	0	2	85	98
8	0	0	0	8	2	84	105
9	0	0	2	0	2	91	92
10	0	0	0	7	3	81	91	103
8	0	4	0	0	1	82
6	0	10	0	0	1	101
2	0	0	3	0	2	94	95
5	0	2	0	0	2	86	100
5	8	0	0	0	1	101
5	8	0	0	0	3	89	107	111
2	0	0	0	4	1	109
2	0	0	8	0	1	115
10	0	0	0	7	1	109
6	0	0	0	2	3	98	110	111
2	7	0	0	0	2	96	99
2	0	0	0	6	3	96	103	116
8	1	0	0	0	2	97	117
5	0	6	0	0	1	96
7	5	0	0	0	2	97	119
10	0	4	0	0	2	111	118
3	0	0	0	1	1	104
8	0	6	0	0	3	100	102	107
1	0	0	0	4	1	121
9	0	6	0	0	1	106
7	0	0	0	10	1	118
1	0	5	0	0	1	113
10	0	0	0	2	1	112
1	0	0	0	4	1	106
1	0	0	0	4	1	113
2	0	0	0	6	1	114
9	0	0	0	2	1	109
2	0	2	0	0	1	121
7	0	4	0	0	1	118
4	0	0	6	0	2	112	116
6	0	0	7	0	2	117	119
1	0	8	0	0	1	120
6	0	0	0	10	1	114
5	0	6	0	0	1	115
6	9	0	0	0	1	116
1	0	0	0	7	1	120
9	0	0	0	8	1	120
7	0	0	0	9	1	121
5	0	0	10	0	1	122
4	0	0	0	6	1	122
10	0	0	8	0	1	122
0	0	0	0	0	0
