122	4
24	21	24	25
0	0	0	0	0	3	2	3	4
8	0	3	0	0	3	6	13	14
4	2	5	0	0	3	5	24	96
2	7	6	0	7	3	7	8	48
2	4	0	9	6	3	10	40	45
7	8	9	7	8	3	11	15	30
6	0	0	3	10	3	9	34	64
5	3	3	6	0	3	29	30	32
4	10	10	5	10	3	19	52	54
5	5	10	9	4	3	12	16	44
3	0	4	7	9	3	20	21	22
4	8	1	0	0	1	119
8	0	0	8	10	1	92
10	0	6	7	0	3	17	25	36
5	3	3	0	6	3	58	69	92
7	0	6	6	8	3	18	27	55
3	0	1	5	4	3	22	23	71
4	8	0	0	1	1	82
6	0	6	6	9	2	38	44
5	4	1	5	0	2	35	77
9	0	6	1	0	3	33	59	68
5	3	0	10	7	2	39	51
7	9	4	0	9	3	26	72	74
5	8	0	3	6	2	73	102
5	5	7	0	1	2	87	90
7	8	0	10	0	3	28	53	79
1	5	1	1	6	1	41
3	0	3	8	6	3	29	54	98
3	2	0	5	0	2	59	92
10	5	9	5	8	3	31	37	101
9	8	6	2	0	3	42	57	60
8	10	4	10	6	3	43	50	81
6	6	10	9	8	3	83	94	115
8	0	0	9	9	3	58	100	121
5	0	3	3	3	3	46	56	67
1	10	1	2	5	1	39
7	6	7	0	4	1	49
10	3	0	8	1	1	84
9	9	0	0	0	3	75	78	98
7	0	1	2	4	1	47
1	0	5	0	0	1	54
9	1	0	3	0	2	52	74
1	6	5	4	9	1	80
6	0	8	8	7	1	56
9	0	3	3	0	2	69	88
6	9	0	5	2	2	94	105
8	4	7	8	6	2	69	82
10	9	1	3	9	1	120
3	2	8	1	9	1	63
4	0	6	6	0	3	63	68	70
5	0	0	3	7	3	65	73	87
10	6	6	10	8	3	95	113	117
9	2	0	4	1	1	68
2	3	7	0	1	2	86	118
5	2	6	7	5	1	61
8	6	7	7	0	1	80
1	7	10	0	2	2	66	76
5	4	6	8	0	3	65	91	102
9	6	7	7	3	1	110
2	0	0	9	3	3	62	76	108
2	2	3	8	0	1	78
10	3	6	0	8	2	77	81
4	1	0	6	10	3	76	85	91
10	9	6	0	7	1	93
6	6	6	5	9	1	117
5	2	10	0	4	1	116
5	6	6	0	7	3	70	74	80
5	0	5	10	8	1	93
10	2	0	10	0	2	75	87
4	2	1	7	0	1	94
8	2	10	10	10	1	91
7	0	2	6	1	2	83	109
2	0	8	0	0	2	75	77
4	9	0	3	10	2	90	93
2	7	8	7	3	2	79	97
2	7	5	3	3	1	106
5	4	10	3	0	1	114
5	4	2	0	9	1	82
8	0	0	3	0	1	108
2	3	8	0	0	1	103
8	2	2	3	5	2	107	112
3	6	10	0	6	3	90	97	99
4	3	8	0	8	1	114
4	6	5	5	7	2	102	121
2	0	1	7	6	2	107	112
6	3	4	3	1	1	103
1	9	6	9	2	1	99
6	8	3	8	3	2	89	100
5	2	10	10	4	2	95	101
9	9	8	3	10	1	103
3	7	8	1	0	2	109	114
8	0	4	8	7	1	95
3	7	4	0	0	1	104
1	6	7	2	5	1	97
5	0	0	3	1	2	111	121
1	0	1	10	3	2	98	105
8	8	6	6	0	2	101	104
4	5	2	0	5	1	108
2	9	10	9	0	2	100	118
4	3	9	0	1	2	111	115
1	8	2	5	7	1	116
5	9	3	0	5	2	105	109
4	3	0	0	7	2	106	111
1	1	6	8	0	1	110
4	5	0	0	2	1	106
2	0	1	2	5	1	107
4	0	8	8	2	1	115
2	1	4	9	3	1	112
4	0	1	7	1	1	110
2	6	3	0	10	1	113
4	5	0	3	3	1	116
9	9	6	4	0	1	113
8	1	9	1	5	1	118
9	0	8	7	0	1	120
1	0	0	0	8	1	117
7	6	4	3	3	1	120
8	8	3	1	6	1	119
2	4	5	3	0	1	119
6	0	10	10	10	1	122
2	5	4	1	6	1	122
3	9	4	1	2	1	122
0	0	0	0	0	0
