122	4
13	16	12	17
0	0	0	0	0	3	2	3	4
10	0	0	1	0	3	10	14	28
10	3	0	0	0	3	6	7	17
6	0	0	0	9	2	5	68
6	1	0	0	0	2	13	29
7	0	0	8	0	3	8	16	42
5	0	7	0	0	3	18	19	38
3	7	0	0	0	3	9	49	51
7	0	2	0	0	3	12	26	41
1	0	0	1	0	3	11	15	86
5	0	0	1	0	3	36	44	54
8	0	0	0	9	3	22	23	53
2	0	4	0	0	3	31	40	71
5	0	9	0	0	1	27
10	0	0	0	9	2	20	33
4	0	1	0	0	3	25	58	60
1	10	0	0	0	3	47	79	102
3	0	8	0	0	2	21	26
8	8	0	0	0	1	92
6	0	6	0	0	1	24
5	0	0	10	0	3	30	39	81
5	0	0	0	10	3	66	99	118
9	10	0	0	0	1	43
1	2	0	0	0	3	30	31	57
2	8	0	0	0	1	80
6	0	10	0	0	3	34	46	52
10	2	0	0	0	2	32	60
1	0	0	0	5	2	37	87
2	8	0	0	0	1	106
10	2	0	0	0	1	110
6	0	0	0	4	1	59
5	0	0	0	10	2	35	86
6	0	0	0	10	3	56	74	97
5	0	0	3	0	2	37	88
1	9	0	0	0	2	65	104
10	0	8	0	0	2	50	55
3	0	0	1	0	1	75
10	0	0	0	5	3	50	64	101
7	0	0	0	9	2	66	68
7	0	0	0	8	2	63	70
10	0	0	7	0	2	45	83
5	4	0	0	0	1	72
10	0	0	0	8	2	57	65
4	0	0	0	9	3	49	103	121
4	0	0	3	0	3	60	76	79
2	8	0	0	0	2	48	113
5	0	3	0	0	2	89	109
8	0	10	0	0	1	98
4	0	0	0	2	2	62	69
3	0	0	5	0	3	83	94	97
4	0	0	1	0	2	105	120
1	3	0	0	0	1	65
9	0	10	0	0	3	54	105	112
1	4	0	0	0	2	88	109
9	2	0	0	0	3	57	61	66
10	0	10	0	0	3	81	82	105
6	0	0	9	0	1	90
6	0	0	0	2	1	89
4	0	3	0	0	1	78
8	0	4	0	0	1	94
8	0	6	0	0	2	84	112
6	0	0	0	2	2	67	91
9	1	0	0	0	1	77
5	9	0	0	0	2	94	117
10	0	6	0	0	1	95
10	0	0	0	5	1	80
2	0	9	0	0	3	76	87	96
7	0	1	0	0	1	77
3	0	0	0	6	2	71	80
2	0	0	0	7	3	73	86	100
3	0	0	0	10	3	79	90	100
8	0	0	2	0	3	78	85	92
9	9	0	0	0	3	81	88	118
4	1	0	0	0	3	82	107	119
4	0	0	3	0	3	84	90	106
4	0	0	0	9	1	101
4	0	0	0	10	2	85	93
2	0	0	6	0	3	87	96	111
4	0	8	0	0	1	93
9	0	0	5	0	2	83	108
8	0	2	0	0	1	102
2	0	1	0	0	1	84
6	0	0	0	7	1	100
2	0	4	0	0	1	85
9	0	1	0	0	1	109
4	0	6	0	0	3	99	108	117
5	0	0	2	0	1	115
9	0	3	0	0	1	116
3	0	0	5	0	1	104
6	0	0	0	10	1	91
5	0	0	0	10	1	112
9	4	0	0	0	2	93	117
4	7	0	0	0	2	96	98
2	0	1	0	0	2	99	103
2	8	0	0	0	2	101	107
2	0	0	6	0	1	115
5	0	0	0	3	1	106
6	0	0	4	0	1	108
6	0	7	0	0	1	104
9	0	2	0	0	1	119
7	0	0	7	0	1	111
7	0	5	0	0	1	103
3	0	0	1	0	1	116
3	0	0	0	10	1	114
10	0	3	0	0	2	107	119
4	8	0	0	0	1	113
4	9	0	0	0	1	118
2	0	6	0	0	2	110	116
3	0	0	0	1	1	110
3	0	0	0	2	1	111
4	5	0	0	0	1	114
2	0	0	0	7	1	113
2	10	0	0	0	1	114
10	0	1	0	0	1	115
4	0	0	1	0	1	120
8	1	0	0	0	1	120
2	0	0	0	3	1	121
10	0	0	0	1	1	121
1	0	0	0	10	1	122
2	2	0	0	0	1	122
6	0	2	0	0	1	122
0	0	0	0	0	0
